[array([[9.85220254e-69, 3.48956277e-68, 1.22495006e-67, ...,
        1.22495006e-67, 3.48956277e-68, 9.85220254e-69],
       [3.48956277e-68, 1.23538540e-67, 4.33453129e-67, ...,
        4.33453129e-67, 1.23538540e-67, 3.48956277e-68],
       [1.22495006e-67, 4.33453129e-67, 1.52010165e-66, ...,
        1.52010165e-66, 4.33453129e-67, 1.22495006e-67],
       ...,
       [1.22495006e-67, 4.33453129e-67, 1.52010165e-66, ...,
        1.52010165e-66, 4.33453129e-67, 1.22495006e-67],
       [3.48956277e-68, 1.23538540e-67, 4.33453129e-67, ...,
        4.33453129e-67, 1.23538540e-67, 3.48956277e-68],
       [9.85220254e-69, 3.48956277e-68, 1.22495006e-67, ...,
        1.22495006e-67, 3.48956277e-68, 9.85220254e-69]]), array([[1.53011920e-27, 3.96006349e-27, 1.01526118e-26, ...,
        1.01526118e-26, 3.96006349e-27, 1.53011920e-27],
       [3.96006349e-27, 1.02172941e-26, 2.61128938e-26, ...,
        2.61128938e-26, 1.02172941e-26, 3.96006349e-27],
       [1.01526118e-26, 2.61128938e-26, 6.65279057e-26, ...,
        6.65279057e-26, 2.61128938e-26, 1.01526118e-26],
       ...,
       [1.01526118e-26, 2.61128938e-26, 6.65279057e-26, ...,
        6.65279057e-26, 2.61128938e-26, 1.01526118e-26],
       [3.96006349e-27, 1.02172941e-26, 2.61128938e-26, ...,
        2.61128938e-26, 1.02172941e-26, 3.96006349e-27],
       [1.53011920e-27, 3.96006349e-27, 1.01526118e-26, ...,
        1.01526118e-26, 3.96006349e-27, 1.53011920e-27]]), array([[5.66173331e-27, 1.46529913e-26, 3.75666028e-26, ...,
        3.75666028e-26, 1.46529913e-26, 5.66173331e-27],
       [1.46529913e-26, 3.78059398e-26, 9.66226946e-26, ...,
        9.66226946e-26, 3.78059398e-26, 1.46529913e-26],
       [3.75666028e-26, 9.66226946e-26, 2.46165958e-25, ...,
        2.46165958e-25, 9.66226946e-26, 3.75666028e-26],
       ...,
       [3.75666028e-26, 9.66226946e-26, 2.46165958e-25, ...,
        2.46165958e-25, 9.66226946e-26, 3.75666028e-26],
       [1.46529913e-26, 3.78059398e-26, 9.66226946e-26, ...,
        9.66226946e-26, 3.78059398e-26, 1.46529913e-26],
       [5.66173331e-27, 1.46529913e-26, 3.75666028e-26, ...,
        3.75666028e-26, 1.46529913e-26, 5.66173331e-27]]), array([[1.11561851e-26, 2.88730456e-26, 7.40232634e-26, ...,
        7.40232634e-26, 2.88730456e-26, 1.11561851e-26],
       [2.88730456e-26, 7.44948660e-26, 1.90390577e-25, ...,
        1.90390577e-25, 7.44948660e-26, 2.88730456e-26],
       [7.40232634e-26, 1.90390577e-25, 4.85058701e-25, ...,
        4.85058701e-25, 1.90390577e-25, 7.40232634e-26],
       ...,
       [7.40232634e-26, 1.90390577e-25, 4.85058701e-25, ...,
        4.85058701e-25, 1.90390577e-25, 7.40232634e-26],
       [2.88730456e-26, 7.44948660e-26, 1.90390577e-25, ...,
        1.90390577e-25, 7.44948660e-26, 2.88730456e-26],
       [1.11561851e-26, 2.88730456e-26, 7.40232634e-26, ...,
        7.40232634e-26, 2.88730456e-26, 1.11561851e-26]]), array([[1.63662475e-26, 4.23570786e-26, 1.08592950e-25, ...,
        1.08592950e-25, 4.23570786e-26, 1.63662475e-26],
       [4.23570786e-26, 1.09284796e-25, 2.79305091e-25, ...,
        2.79305091e-25, 1.09284796e-25, 4.23570786e-26],
       [1.08592950e-25, 2.79305091e-25, 7.11586502e-25, ...,
        7.11586502e-25, 2.79305091e-25, 1.08592950e-25],
       ...,
       [1.08592950e-25, 2.79305091e-25, 7.11586502e-25, ...,
        7.11586502e-25, 2.79305091e-25, 1.08592950e-25],
       [4.23570786e-26, 1.09284796e-25, 2.79305091e-25, ...,
        2.79305091e-25, 1.09284796e-25, 4.23570786e-26],
       [1.63662475e-26, 4.23570786e-26, 1.08592950e-25, ...,
        1.08592950e-25, 4.23570786e-26, 1.63662475e-26]]), array([[1.97299564e-26, 5.10626099e-26, 1.30911753e-25, ...,
        1.30911753e-25, 5.10626099e-26, 1.97299564e-26],
       [5.10626099e-26, 1.31745793e-25, 3.36709881e-25, ...,
        3.36709881e-25, 1.31745793e-25, 5.10626099e-26],
       [1.30911753e-25, 3.36709881e-25, 8.57836875e-25, ...,
        8.57836875e-25, 3.36709881e-25, 1.30911753e-25],
       ...,
       [1.30911753e-25, 3.36709881e-25, 8.57836875e-25, ...,
        8.57836875e-25, 3.36709881e-25, 1.30911753e-25],
       [5.10626099e-26, 1.31745793e-25, 3.36709881e-25, ...,
        3.36709881e-25, 1.31745793e-25, 5.10626099e-26],
       [1.97299564e-26, 5.10626099e-26, 1.30911753e-25, ...,
        1.30911753e-25, 5.10626099e-26, 1.97299564e-26]]), array([[2.02388775e-26, 5.23797361e-26, 1.34288535e-25, ...,
        1.34288535e-25, 5.23797361e-26, 2.02388775e-26],
       [5.23797361e-26, 1.35144088e-25, 3.45395089e-25, ...,
        3.45395089e-25, 1.35144088e-25, 5.23797361e-26],
       [1.34288535e-25, 3.45395089e-25, 8.79964209e-25, ...,
        8.79964209e-25, 3.45395089e-25, 1.34288535e-25],
       ...,
       [1.34288535e-25, 3.45395089e-25, 8.79964209e-25, ...,
        8.79964209e-25, 3.45395089e-25, 1.34288535e-25],
       [5.23797361e-26, 1.35144088e-25, 3.45395089e-25, ...,
        3.45395089e-25, 1.35144088e-25, 5.23797361e-26],
       [2.02388775e-26, 5.23797361e-26, 1.34288535e-25, ...,
        1.34288535e-25, 5.23797361e-26, 2.02388775e-26]]), array([[1.77404331e-26, 4.59135742e-26, 1.17710914e-25, ...,
        1.17710914e-25, 4.59135742e-26, 1.77404331e-26],
       [4.59135742e-26, 1.18460851e-25, 3.02756834e-25, ...,
        3.02756834e-25, 1.18460851e-25, 4.59135742e-26],
       [1.17710914e-25, 3.02756834e-25, 7.71334585e-25, ...,
        7.71334585e-25, 3.02756834e-25, 1.17710914e-25],
       ...,
       [1.17710914e-25, 3.02756834e-25, 7.71334585e-25, ...,
        7.71334585e-25, 3.02756834e-25, 1.17710914e-25],
       [4.59135742e-26, 1.18460851e-25, 3.02756834e-25, ...,
        3.02756834e-25, 1.18460851e-25, 4.59135742e-26],
       [1.77404331e-26, 4.59135742e-26, 1.17710914e-25, ...,
        1.17710914e-25, 4.59135742e-26, 1.77404331e-26]]), array([[1.29836526e-26, 3.36026688e-26, 8.61488337e-26, ...,
        8.61488337e-26, 3.36026688e-26, 1.29836526e-26],
       [3.36026688e-26, 8.66976884e-26, 2.21577993e-25, ...,
        2.21577993e-25, 8.66976884e-26, 3.36026688e-26],
       [8.61488337e-26, 2.21577993e-25, 5.64514985e-25, ...,
        5.64514985e-25, 2.21577993e-25, 8.61488337e-26],
       ...,
       [8.61488337e-26, 2.21577993e-25, 5.64514985e-25, ...,
        5.64514985e-25, 2.21577993e-25, 8.61488337e-26],
       [3.36026688e-26, 8.66976884e-26, 2.21577993e-25, ...,
        2.21577993e-25, 8.66976884e-26, 3.36026688e-26],
       [1.29836526e-26, 3.36026688e-26, 8.61488337e-26, ...,
        8.61488337e-26, 3.36026688e-26, 1.29836526e-26]]), array([[7.39461419e-27, 1.91378173e-26, 4.90645742e-26, ...,
        4.90645742e-26, 1.91378173e-26, 7.39461419e-27],
       [1.91378173e-26, 4.93771649e-26, 1.26195903e-25, ...,
        1.26195903e-25, 4.93771649e-26, 1.91378173e-26],
       [4.90645742e-26, 1.26195903e-25, 3.21509719e-25, ...,
        3.21509719e-25, 1.26195903e-25, 4.90645742e-26],
       ...,
       [4.90645742e-26, 1.26195903e-25, 3.21509719e-25, ...,
        3.21509719e-25, 1.26195903e-25, 4.90645742e-26],
       [1.91378173e-26, 4.93771649e-26, 1.26195903e-25, ...,
        1.26195903e-25, 4.93771649e-26, 1.91378173e-26],
       [7.39461419e-27, 1.91378173e-26, 4.90645742e-26, ...,
        4.90645742e-26, 1.91378173e-26, 7.39461419e-27]]), array([[2.64890307e-27, 6.85556022e-27, 1.75759408e-26, ...,
        1.75759408e-26, 6.85556022e-27, 2.64890307e-27],
       [6.85556022e-27, 1.76879172e-26, 4.52059711e-26, ...,
        4.52059711e-26, 1.76879172e-26, 6.85556022e-27],
       [1.75759408e-26, 4.52059711e-26, 1.15171402e-25, ...,
        1.15171402e-25, 4.52059711e-26, 1.75759408e-26],
       ...,
       [1.75759408e-26, 4.52059711e-26, 1.15171402e-25, ...,
        1.15171402e-25, 4.52059711e-26, 1.75759408e-26],
       [6.85556022e-27, 1.76879172e-26, 4.52059711e-26, ...,
        4.52059711e-26, 1.76879172e-26, 6.85556022e-27],
       [2.64890307e-27, 6.85556022e-27, 1.75759408e-26, ...,
        1.75759408e-26, 6.85556022e-27, 2.64890307e-27]]), array([[1.69272407e-28, 4.38089711e-28, 1.12315238e-27, ...,
        1.12315238e-27, 4.38089711e-28, 1.69272407e-28],
       [4.38089711e-28, 1.13030800e-27, 2.88878956e-27, ...,
        2.88878956e-27, 1.13030800e-27, 4.38089711e-28],
       [1.12315238e-27, 2.88878956e-27, 7.35977870e-27, ...,
        7.35977870e-27, 2.88878956e-27, 1.12315238e-27],
       ...,
       [1.12315238e-27, 2.88878956e-27, 7.35977870e-27, ...,
        7.35977870e-27, 2.88878956e-27, 1.12315238e-27],
       [4.38089711e-28, 1.13030800e-27, 2.88878956e-27, ...,
        2.88878956e-27, 1.13030800e-27, 4.38089711e-28],
       [1.69272407e-28, 4.38089711e-28, 1.12315238e-27, ...,
        1.12315238e-27, 4.38089711e-28, 1.69272407e-28]]), array([[6.99109608e-28, 1.80934821e-27, 4.63871601e-27, ...,
        4.63871601e-27, 1.80934821e-27, 6.99109608e-28],
       [1.80934821e-27, 4.66826929e-27, 1.19309495e-26, ...,
        1.19309495e-26, 4.66826929e-27, 1.80934821e-27],
       [4.63871601e-27, 1.19309495e-26, 3.03965194e-26, ...,
        3.03965194e-26, 1.19309495e-26, 4.63871601e-27],
       ...,
       [4.63871601e-27, 1.19309495e-26, 3.03965194e-26, ...,
        3.03965194e-26, 1.19309495e-26, 4.63871601e-27],
       [1.80934821e-27, 4.66826929e-27, 1.19309495e-26, ...,
        1.19309495e-26, 4.66826929e-27, 1.80934821e-27],
       [6.99109608e-28, 1.80934821e-27, 4.63871601e-27, ...,
        4.63871601e-27, 1.80934821e-27, 6.99109608e-28]]), array([[4.07957516e-27, 1.05582471e-26, 2.70687034e-26, ...,
        2.70687034e-26, 1.05582471e-26, 4.07957516e-27],
       [1.05582471e-26, 2.72411582e-26, 6.96217083e-26, ...,
        6.96217083e-26, 2.72411582e-26, 1.05582471e-26],
       [2.70687034e-26, 6.96217083e-26, 1.77375456e-25, ...,
        1.77375456e-25, 6.96217083e-26, 2.70687034e-26],
       ...,
       [2.70687034e-26, 6.96217083e-26, 1.77375456e-25, ...,
        1.77375456e-25, 6.96217083e-26, 2.70687034e-26],
       [1.05582471e-26, 2.72411582e-26, 6.96217083e-26, ...,
        6.96217083e-26, 2.72411582e-26, 1.05582471e-26],
       [4.07957516e-27, 1.05582471e-26, 2.70687034e-26, ...,
        2.70687034e-26, 1.05582471e-26, 4.07957516e-27]]), array([[9.29720539e-27, 2.40618663e-26, 6.16886036e-26, ...,
        6.16886036e-26, 2.40618663e-26, 9.29720539e-27],
       [2.40618663e-26, 6.20816220e-26, 1.58665375e-25, ...,
        1.58665375e-25, 6.20816220e-26, 2.40618663e-26],
       [6.16886036e-26, 1.58665375e-25, 4.04232299e-25, ...,
        4.04232299e-25, 1.58665375e-25, 6.16886036e-26],
       ...,
       [6.16886036e-26, 1.58665375e-25, 4.04232299e-25, ...,
        4.04232299e-25, 1.58665375e-25, 6.16886036e-26],
       [2.40618663e-26, 6.20816220e-26, 1.58665375e-25, ...,
        1.58665375e-25, 6.20816220e-26, 2.40618663e-26],
       [9.29720539e-27, 2.40618663e-26, 6.16886036e-26, ...,
        6.16886036e-26, 2.40618663e-26, 9.29720539e-27]]), array([[1.47877612e-26, 3.82718374e-26, 9.81194134e-26, ...,
        9.81194134e-26, 3.82718374e-26, 1.47877612e-26],
       [3.82718374e-26, 9.87445327e-26, 2.52366768e-25, ...,
        2.52366768e-25, 9.87445327e-26, 3.82718374e-26],
       [9.81194134e-26, 2.52366768e-25, 6.42955647e-25, ...,
        6.42955647e-25, 2.52366768e-25, 9.81194134e-26],
       ...,
       [9.81194134e-26, 2.52366768e-25, 6.42955647e-25, ...,
        6.42955647e-25, 2.52366768e-25, 9.81194134e-26],
       [3.82718374e-26, 9.87445327e-26, 2.52366768e-25, ...,
        2.52366768e-25, 9.87445327e-26, 3.82718374e-26],
       [1.47877612e-26, 3.82718374e-26, 9.81194134e-26, ...,
        9.81194134e-26, 3.82718374e-26, 1.47877612e-26]]), array([[1.89051871e-26, 4.89280451e-26, 1.25439263e-25, ...,
        1.25439263e-25, 4.89280451e-26, 1.89051871e-26],
       [4.89280451e-26, 1.26238438e-25, 3.22634434e-25, ...,
        3.22634434e-25, 1.26238438e-25, 4.89280451e-26],
       [1.25439263e-25, 3.22634434e-25, 8.21976813e-25, ...,
        8.21976813e-25, 3.22634434e-25, 1.25439263e-25],
       ...,
       [1.25439263e-25, 3.22634434e-25, 8.21976813e-25, ...,
        8.21976813e-25, 3.22634434e-25, 1.25439263e-25],
       [4.89280451e-26, 1.26238438e-25, 3.22634434e-25, ...,
        3.22634434e-25, 1.26238438e-25, 4.89280451e-26],
       [1.89051871e-26, 4.89280451e-26, 1.25439263e-25, ...,
        1.25439263e-25, 4.89280451e-26, 1.89051871e-26]]), array([[2.04150872e-26, 5.28357800e-26, 1.35457718e-25, ...,
        1.35457718e-25, 5.28357800e-26, 2.04150872e-26],
       [5.28357800e-26, 1.36320719e-25, 3.48402270e-25, ...,
        3.48402270e-25, 1.36320719e-25, 5.28357800e-26],
       [1.35457718e-25, 3.48402270e-25, 8.87625613e-25, ...,
        8.87625613e-25, 3.48402270e-25, 1.35457718e-25],
       ...,
       [1.35457718e-25, 3.48402270e-25, 8.87625613e-25, ...,
        8.87625613e-25, 3.48402270e-25, 1.35457718e-25],
       [5.28357800e-26, 1.36320719e-25, 3.48402270e-25, ...,
        3.48402270e-25, 1.36320719e-25, 5.28357800e-26],
       [2.04150872e-26, 5.28357800e-26, 1.35457718e-25, ...,
        1.35457718e-25, 5.28357800e-26, 2.04150872e-26]]), array([[1.88647929e-26, 4.88235018e-26, 1.25171240e-25, ...,
        1.25171240e-25, 4.88235018e-26, 1.88647929e-26],
       [4.88235018e-26, 1.25968707e-25, 3.21945069e-25, ...,
        3.21945069e-25, 1.25968707e-25, 4.88235018e-26],
       [1.25171240e-25, 3.21945069e-25, 8.20220516e-25, ...,
        8.20220516e-25, 3.21945069e-25, 1.25171240e-25],
       ...,
       [1.25171240e-25, 3.21945069e-25, 8.20220516e-25, ...,
        8.20220516e-25, 3.21945069e-25, 1.25171240e-25],
       [4.88235018e-26, 1.25968707e-25, 3.21945069e-25, ...,
        3.21945069e-25, 1.25968707e-25, 4.88235018e-26],
       [1.88647929e-26, 4.88235018e-26, 1.25171240e-25, ...,
        1.25171240e-25, 4.88235018e-26, 1.88647929e-26]]), array([[1.47190776e-26, 3.80940790e-26, 9.76636853e-26, ...,
        9.76636853e-26, 3.80940790e-26, 1.47190776e-26],
       [3.80940790e-26, 9.82859012e-26, 2.51194618e-25, ...,
        2.51194618e-25, 9.82859012e-26, 3.80940790e-26],
       [9.76636853e-26, 2.51194618e-25, 6.39969358e-25, ...,
        6.39969358e-25, 2.51194618e-25, 9.76636853e-26],
       ...,
       [9.76636853e-26, 2.51194618e-25, 6.39969358e-25, ...,
        6.39969358e-25, 2.51194618e-25, 9.76636853e-26],
       [3.80940790e-26, 9.82859012e-26, 2.51194618e-25, ...,
        2.51194618e-25, 9.82859012e-26, 3.80940790e-26],
       [1.47190776e-26, 3.80940790e-26, 9.76636853e-26, ...,
        9.76636853e-26, 3.80940790e-26, 1.47190776e-26]]), array([[9.22082280e-27, 2.38641824e-26, 6.11817916e-26, ...,
        6.11817916e-26, 2.38641824e-26, 9.22082280e-27],
       [2.38641824e-26, 6.15715811e-26, 1.57361836e-25, ...,
        1.57361836e-25, 6.15715811e-26, 2.38641824e-26],
       [6.11817916e-26, 1.57361836e-25, 4.00911268e-25, ...,
        4.00911268e-25, 1.57361836e-25, 6.11817916e-26],
       ...,
       [6.11817916e-26, 1.57361836e-25, 4.00911268e-25, ...,
        4.00911268e-25, 1.57361836e-25, 6.11817916e-26],
       [2.38641824e-26, 6.15715811e-26, 1.57361836e-25, ...,
        1.57361836e-25, 6.15715811e-26, 2.38641824e-26],
       [9.22082280e-27, 2.38641824e-26, 6.11817916e-26, ...,
        6.11817916e-26, 2.38641824e-26, 9.22082280e-27]]), array([[4.01839836e-27, 1.03999170e-26, 2.66627845e-26, ...,
        2.66627845e-26, 1.03999170e-26, 4.01839836e-27],
       [1.03999170e-26, 2.68326532e-26, 6.85776699e-26, ...,
        6.85776699e-26, 2.68326532e-26, 1.03999170e-26],
       [2.66627845e-26, 6.85776699e-26, 1.74715556e-25, ...,
        1.74715556e-25, 6.85776699e-26, 2.66627845e-26],
       ...,
       [2.66627845e-26, 6.85776699e-26, 1.74715556e-25, ...,
        1.74715556e-25, 6.85776699e-26, 2.66627845e-26],
       [1.03999170e-26, 2.68326532e-26, 6.85776699e-26, ...,
        6.85776699e-26, 2.68326532e-26, 1.03999170e-26],
       [4.01839836e-27, 1.03999170e-26, 2.66627845e-26, ...,
        2.66627845e-26, 1.03999170e-26, 4.01839836e-27]]), array([[6.71480179e-28, 1.73784117e-27, 4.45538986e-27, ...,
        4.45538986e-27, 1.73784117e-27, 6.71480179e-28],
       [1.73784117e-27, 4.48377517e-27, 1.14594278e-26, ...,
        1.14594278e-26, 4.48377517e-27, 1.73784117e-27],
       [4.45538986e-27, 1.14594278e-26, 2.91952221e-26, ...,
        2.91952221e-26, 1.14594278e-26, 4.45538986e-27],
       ...,
       [4.45538986e-27, 1.14594278e-26, 2.91952221e-26, ...,
        2.91952221e-26, 1.14594278e-26, 4.45538986e-27],
       [1.73784117e-27, 4.48377517e-27, 1.14594278e-26, ...,
        1.14594278e-26, 4.48377517e-27, 1.73784117e-27],
       [6.71480179e-28, 1.73784117e-27, 4.45538986e-27, ...,
        4.45538986e-27, 1.73784117e-27, 6.71480179e-28]]), array([[1.83465841e-28, 4.74823386e-28, 1.21732834e-27, ...,
        1.21732834e-27, 4.74823386e-28, 1.83465841e-28],
       [4.74823386e-28, 1.22508394e-27, 3.13101360e-27, ...,
        3.13101360e-27, 1.22508394e-27, 4.74823386e-28],
       [1.21732834e-27, 3.13101360e-27, 7.97689367e-27, ...,
        7.97689367e-27, 3.13101360e-27, 1.21732834e-27],
       ...,
       [1.21732834e-27, 3.13101360e-27, 7.97689367e-27, ...,
        7.97689367e-27, 3.13101360e-27, 1.21732834e-27],
       [4.74823386e-28, 1.22508394e-27, 3.13101360e-27, ...,
        3.13101360e-27, 1.22508394e-27, 4.74823386e-28],
       [1.83465841e-28, 4.74823386e-28, 1.21732834e-27, ...,
        1.21732834e-27, 4.74823386e-28, 1.83465841e-28]]), array([[2.70066482e-27, 6.98952351e-27, 1.79193891e-26, ...,
        1.79193891e-26, 6.98952351e-27, 2.70066482e-27],
       [6.98952351e-27, 1.80335537e-26, 4.60893330e-26, ...,
        4.60893330e-26, 1.80335537e-26, 6.98952351e-27],
       [1.79193891e-26, 4.60893330e-26, 1.17421946e-25, ...,
        1.17421946e-25, 4.60893330e-26, 1.79193891e-26],
       ...,
       [1.79193891e-26, 4.60893330e-26, 1.17421946e-25, ...,
        1.17421946e-25, 4.60893330e-26, 1.79193891e-26],
       [6.98952351e-27, 1.80335537e-26, 4.60893330e-26, ...,
        4.60893330e-26, 1.80335537e-26, 6.98952351e-27],
       [2.70066482e-27, 6.98952351e-27, 1.79193891e-26, ...,
        1.79193891e-26, 6.98952351e-27, 2.70066482e-27]]), array([[7.46842182e-27, 1.93288370e-26, 4.95543009e-26, ...,
        4.95543009e-26, 1.93288370e-26, 7.46842182e-27],
       [1.93288370e-26, 4.98700116e-26, 1.27455498e-25, ...,
        1.27455498e-25, 4.98700116e-26, 1.93288370e-26],
       [4.95543009e-26, 1.27455498e-25, 3.24718794e-25, ...,
        3.24718794e-25, 1.27455498e-25, 4.95543009e-26],
       ...,
       [4.95543009e-26, 1.27455498e-25, 3.24718794e-25, ...,
        3.24718794e-25, 1.27455498e-25, 4.95543009e-26],
       [1.93288370e-26, 4.98700116e-26, 1.27455498e-25, ...,
        1.27455498e-25, 4.98700116e-26, 1.93288370e-26],
       [7.46842182e-27, 1.93288370e-26, 4.95543009e-26, ...,
        4.95543009e-26, 1.93288370e-26, 7.46842182e-27]]), array([[1.30573664e-26, 3.37934457e-26, 8.66379378e-26, ...,
        8.66379378e-26, 3.37934457e-26, 1.30573664e-26],
       [3.37934457e-26, 8.71899086e-26, 2.22835987e-25, ...,
        2.22835987e-25, 8.71899086e-26, 3.37934457e-26],
       [8.66379378e-26, 2.22835987e-25, 5.67719980e-25, ...,
        5.67719980e-25, 2.22835987e-25, 8.66379378e-26],
       ...,
       [8.66379378e-26, 2.22835987e-25, 5.67719980e-25, ...,
        5.67719980e-25, 2.22835987e-25, 8.66379378e-26],
       [3.37934457e-26, 8.71899086e-26, 2.22835987e-25, ...,
        2.22835987e-25, 8.71899086e-26, 3.37934457e-26],
       [1.30573664e-26, 3.37934457e-26, 8.66379378e-26, ...,
        8.66379378e-26, 3.37934457e-26, 1.30573664e-26]]), array([[1.77919451e-26, 4.60468912e-26, 1.18052706e-25, ...,
        1.18052706e-25, 4.60468912e-26, 1.77919451e-26],
       [4.60468912e-26, 1.18804820e-25, 3.03635934e-25, ...,
        3.03635934e-25, 1.18804820e-25, 4.60468912e-26],
       [1.18052706e-25, 3.03635934e-25, 7.73574272e-25, ...,
        7.73574272e-25, 3.03635934e-25, 1.18052706e-25],
       ...,
       [1.18052706e-25, 3.03635934e-25, 7.73574272e-25, ...,
        7.73574272e-25, 3.03635934e-25, 1.18052706e-25],
       [4.60468912e-26, 1.18804820e-25, 3.03635934e-25, ...,
        3.03635934e-25, 1.18804820e-25, 4.60468912e-26],
       [1.77919451e-26, 4.60468912e-26, 1.18052706e-25, ...,
        1.18052706e-25, 4.60468912e-26, 1.77919451e-26]]), array([[2.02527420e-26, 5.24156184e-26, 1.34380528e-25, ...,
        1.34380528e-25, 5.24156184e-26, 2.02527420e-26],
       [5.24156184e-26, 1.35236668e-25, 3.45631700e-25, ...,
        3.45631700e-25, 1.35236668e-25, 5.24156184e-26],
       [1.34380528e-25, 3.45631700e-25, 8.80567022e-25, ...,
        8.80567022e-25, 3.45631700e-25, 1.34380528e-25],
       ...,
       [1.34380528e-25, 3.45631700e-25, 8.80567022e-25, ...,
        8.80567022e-25, 3.45631700e-25, 1.34380528e-25],
       [5.24156184e-26, 1.35236668e-25, 3.45631700e-25, ...,
        3.45631700e-25, 1.35236668e-25, 5.24156184e-26],
       [2.02527420e-26, 5.24156184e-26, 1.34380528e-25, ...,
        1.34380528e-25, 5.24156184e-26, 2.02527420e-26]]), array([[1.97020128e-26, 5.09902899e-26, 1.30726343e-25, ...,
        1.30726343e-25, 5.09902899e-26, 1.97020128e-26],
       [5.09902899e-26, 1.31559201e-25, 3.36232999e-25, ...,
        3.36232999e-25, 1.31559201e-25, 5.09902899e-26],
       [1.30726343e-25, 3.36232999e-25, 8.56621922e-25, ...,
        8.56621922e-25, 3.36232999e-25, 1.30726343e-25],
       ...,
       [1.30726343e-25, 3.36232999e-25, 8.56621922e-25, ...,
        8.56621922e-25, 3.36232999e-25, 1.30726343e-25],
       [5.09902899e-26, 1.31559201e-25, 3.36232999e-25, ...,
        3.36232999e-25, 1.31559201e-25, 5.09902899e-26],
       [1.97020128e-26, 5.09902899e-26, 1.30726343e-25, ...,
        1.30726343e-25, 5.09902899e-26, 1.97020128e-26]]), array([[1.63048614e-26, 4.21982067e-26, 1.08185642e-25, ...,
        1.08185642e-25, 4.21982067e-26, 1.63048614e-26],
       [4.21982067e-26, 1.08874893e-25, 2.78257480e-25, ...,
        2.78257480e-25, 1.08874893e-25, 4.21982067e-26],
       [1.08185642e-25, 2.78257480e-25, 7.08917500e-25, ...,
        7.08917500e-25, 2.78257480e-25, 1.08185642e-25],
       ...,
       [1.08185642e-25, 2.78257480e-25, 7.08917500e-25, ...,
        7.08917500e-25, 2.78257480e-25, 1.08185642e-25],
       [4.21982067e-26, 1.08874893e-25, 2.78257480e-25, ...,
        2.78257480e-25, 1.08874893e-25, 4.21982067e-26],
       [1.63048614e-26, 4.21982067e-26, 1.08185642e-25, ...,
        1.08185642e-25, 4.21982067e-26, 1.63048614e-26]]), array([[1.10797500e-26, 2.86752257e-26, 7.35161025e-26, ...,
        7.35161025e-26, 2.86752257e-26, 1.10797500e-26],
       [2.86752257e-26, 7.39844740e-26, 1.89086140e-25, ...,
        1.89086140e-25, 7.39844740e-26, 2.86752257e-26],
       [7.35161025e-26, 1.89086140e-25, 4.81735384e-25, ...,
        4.81735384e-25, 1.89086140e-25, 7.35161025e-26],
       ...,
       [7.35161025e-26, 1.89086140e-25, 4.81735384e-25, ...,
        4.81735384e-25, 1.89086140e-25, 7.35161025e-26],
       [2.86752257e-26, 7.39844740e-26, 1.89086140e-25, ...,
        1.89086140e-25, 7.39844740e-26, 2.86752257e-26],
       [1.10797500e-26, 2.86752257e-26, 7.35161025e-26, ...,
        7.35161025e-26, 2.86752257e-26, 1.10797500e-26]]), array([[5.59316125e-27, 1.44755217e-26, 3.71116150e-26, ...,
        3.71116150e-26, 1.44755217e-26, 5.59316125e-27],
       [1.44755217e-26, 3.73480533e-26, 9.54524493e-26, ...,
        9.54524493e-26, 3.73480533e-26, 1.44755217e-26],
       [3.71116150e-26, 9.54524493e-26, 2.43184520e-25, ...,
        2.43184520e-25, 9.54524493e-26, 3.71116150e-26],
       ...,
       [3.71116150e-26, 9.54524493e-26, 2.43184520e-25, ...,
        2.43184520e-25, 9.54524493e-26, 3.71116150e-26],
       [1.44755217e-26, 3.73480533e-26, 9.54524493e-26, ...,
        9.54524493e-26, 3.73480533e-26, 1.44755217e-26],
       [5.59316125e-27, 1.44755217e-26, 3.71116150e-26, ...,
        3.71116150e-26, 1.44755217e-26, 5.59316125e-27]]), array([[1.48996457e-27, 3.85614029e-27, 9.88617869e-27, ...,
        9.88617869e-27, 3.85614029e-27, 1.48996457e-27],
       [3.85614029e-27, 9.94916359e-27, 2.54276180e-26, ...,
        2.54276180e-26, 9.94916359e-27, 3.85614029e-27],
       [9.88617869e-27, 2.54276180e-26, 6.47820263e-26, ...,
        6.47820263e-26, 2.54276180e-26, 9.88617869e-27],
       ...,
       [9.88617869e-27, 2.54276180e-26, 6.47820263e-26, ...,
        6.47820263e-26, 2.54276180e-26, 9.88617869e-27],
       [3.85614029e-27, 9.94916359e-27, 2.54276180e-26, ...,
        2.54276180e-26, 9.94916359e-27, 3.85614029e-27],
       [1.48996457e-27, 3.85614029e-27, 9.88617869e-27, ...,
        9.88617869e-27, 3.85614029e-27, 1.48996457e-27]]), array([[2.88056367e-31, 7.45511526e-31, 1.91130499e-30, ...,
        1.91130499e-30, 7.45511526e-31, 2.88056367e-31],
       [7.45511526e-31, 1.92348192e-30, 4.91594726e-30, ...,
        4.91594726e-30, 1.92348192e-30, 7.45511526e-31],
       [1.91130499e-30, 4.91594726e-30, 1.25243751e-29, ...,
        1.25243751e-29, 4.91594726e-30, 1.91130499e-30],
       ...,
       [1.91130499e-30, 4.91594726e-30, 1.25243751e-29, ...,
        1.25243751e-29, 4.91594726e-30, 1.91130499e-30],
       [7.45511526e-31, 1.92348192e-30, 4.91594726e-30, ...,
        4.91594726e-30, 1.92348192e-30, 7.45511526e-31],
       [2.88056367e-31, 7.45511526e-31, 1.91130499e-30, ...,
        1.91130499e-30, 7.45511526e-31, 2.88056367e-31]]), array([[1.57073875e-27, 4.06518992e-27, 1.04221296e-26, ...,
        1.04221296e-26, 4.06518992e-27, 1.57073875e-27],
       [4.06518992e-27, 1.04885291e-26, 2.68061037e-26, ...,
        2.68061037e-26, 1.04885291e-26, 4.06518992e-27],
       [1.04221296e-26, 2.68061037e-26, 6.82939988e-26, ...,
        6.82939988e-26, 2.68061037e-26, 1.04221296e-26],
       ...,
       [1.04221296e-26, 2.68061037e-26, 6.82939988e-26, ...,
        6.82939988e-26, 2.68061037e-26, 1.04221296e-26],
       [4.06518992e-27, 1.04885291e-26, 2.68061037e-26, ...,
        2.68061037e-26, 1.04885291e-26, 4.06518992e-27],
       [1.57073875e-27, 4.06518992e-27, 1.04221296e-26, ...,
        1.04221296e-26, 4.06518992e-27, 1.57073875e-27]]), array([[5.73049622e-27, 1.48309549e-26, 3.80228569e-26, ...,
        3.80228569e-26, 1.48309549e-26, 5.73049622e-27],
       [1.48309549e-26, 3.82651007e-26, 9.77961971e-26, ...,
        9.77961971e-26, 3.82651007e-26, 1.48309549e-26],
       [3.80228569e-26, 9.77961971e-26, 2.49155694e-25, ...,
        2.49155694e-25, 9.77961971e-26, 3.80228569e-26],
       ...,
       [3.80228569e-26, 9.77961971e-26, 2.49155694e-25, ...,
        2.49155694e-25, 9.77961971e-26, 3.80228569e-26],
       [1.48309549e-26, 3.82651007e-26, 9.77961971e-26, ...,
        9.77961971e-26, 3.82651007e-26, 1.48309549e-26],
       [5.73049622e-27, 1.48309549e-26, 3.80228569e-26, ...,
        3.80228569e-26, 1.48309549e-26, 5.73049622e-27]]), array([[1.12324661e-26, 2.90704663e-26, 7.45294007e-26, ...,
        7.45294007e-26, 2.90704663e-26, 1.12324661e-26],
       [2.90704663e-26, 7.50042279e-26, 1.91692381e-25, ...,
        1.91692381e-25, 7.50042279e-26, 2.90704663e-26],
       [7.45294007e-26, 1.91692381e-25, 4.88375311e-25, ...,
        4.88375311e-25, 1.91692381e-25, 7.45294007e-26],
       ...,
       [7.45294007e-26, 1.91692381e-25, 4.88375311e-25, ...,
        4.88375311e-25, 1.91692381e-25, 7.45294007e-26],
       [2.90704663e-26, 7.50042279e-26, 1.91692381e-25, ...,
        1.91692381e-25, 7.50042279e-26, 2.90704663e-26],
       [1.12324661e-26, 2.90704663e-26, 7.45294007e-26, ...,
        7.45294007e-26, 2.90704663e-26, 1.12324661e-26]]), array([[1.64271673e-26, 4.25147435e-26, 1.08997163e-25, ...,
        1.08997163e-25, 4.25147435e-26, 1.64271673e-26],
       [4.25147435e-26, 1.09691584e-25, 2.80344743e-25, ...,
        2.80344743e-25, 1.09691584e-25, 4.25147435e-26],
       [1.08997163e-25, 2.80344743e-25, 7.14235226e-25, ...,
        7.14235226e-25, 2.80344743e-25, 1.08997163e-25],
       ...,
       [1.08997163e-25, 2.80344743e-25, 7.14235226e-25, ...,
        7.14235226e-25, 2.80344743e-25, 1.08997163e-25],
       [4.25147435e-26, 1.09691584e-25, 2.80344743e-25, ...,
        2.80344743e-25, 1.09691584e-25, 4.25147435e-26],
       [1.64271673e-26, 4.25147435e-26, 1.08997163e-25, ...,
        1.08997163e-25, 4.25147435e-26, 1.64271673e-26]]), array([[1.97572410e-26, 5.11332246e-26, 1.31092792e-25, ...,
        1.31092792e-25, 5.11332246e-26, 1.97572410e-26],
       [5.11332246e-26, 1.31927984e-25, 3.37175519e-25, ...,
        3.37175519e-25, 1.31927984e-25, 5.11332246e-26],
       [1.31092792e-25, 3.37175519e-25, 8.59023181e-25, ...,
        8.59023181e-25, 3.37175519e-25, 1.31092792e-25],
       ...,
       [1.31092792e-25, 3.37175519e-25, 8.59023181e-25, ...,
        8.59023181e-25, 3.37175519e-25, 1.31092792e-25],
       [5.11332246e-26, 1.31927984e-25, 3.37175519e-25, ...,
        3.37175519e-25, 1.31927984e-25, 5.11332246e-26],
       [1.97572410e-26, 5.11332246e-26, 1.31092792e-25, ...,
        1.31092792e-25, 5.11332246e-26, 1.97572410e-26]]), array([[2.02243368e-26, 5.23421036e-26, 1.34192055e-25, ...,
        1.34192055e-25, 5.23421036e-26, 2.02243368e-26],
       [5.23421036e-26, 1.35046993e-25, 3.45146939e-25, ...,
        3.45146939e-25, 1.35046993e-25, 5.23421036e-26],
       [1.34192055e-25, 3.45146939e-25, 8.79331995e-25, ...,
        8.79331995e-25, 3.45146939e-25, 1.34192055e-25],
       ...,
       [1.34192055e-25, 3.45146939e-25, 8.79331995e-25, ...,
        8.79331995e-25, 3.45146939e-25, 1.34192055e-25],
       [5.23421036e-26, 1.35046993e-25, 3.45146939e-25, ...,
        3.45146939e-25, 1.35046993e-25, 5.23421036e-26],
       [2.02243368e-26, 5.23421036e-26, 1.34192055e-25, ...,
        1.34192055e-25, 5.23421036e-26, 2.02243368e-26]]), array([[1.76884160e-26, 4.57789500e-26, 1.17365771e-25, ...,
        1.17365771e-25, 4.57789500e-26, 1.76884160e-26],
       [4.57789500e-26, 1.18113509e-25, 3.01869114e-25, ...,
        3.01869114e-25, 1.18113509e-25, 4.57789500e-26],
       [1.17365771e-25, 3.01869114e-25, 7.69072938e-25, ...,
        7.69072938e-25, 3.01869114e-25, 1.17365771e-25],
       ...,
       [1.17365771e-25, 3.01869114e-25, 7.69072938e-25, ...,
        7.69072938e-25, 3.01869114e-25, 1.17365771e-25],
       [4.57789500e-26, 1.18113509e-25, 3.01869114e-25, ...,
        3.01869114e-25, 1.18113509e-25, 4.57789500e-26],
       [1.76884160e-26, 4.57789500e-26, 1.17365771e-25, ...,
        1.17365771e-25, 4.57789500e-26, 1.76884160e-26]]), array([[1.29097435e-26, 3.34113863e-26, 8.56584331e-26, ...,
        8.56584331e-26, 3.34113863e-26, 1.29097435e-26],
       [3.34113863e-26, 8.62041635e-26, 2.20316665e-25, ...,
        2.20316665e-25, 8.62041635e-26, 3.34113863e-26],
       [8.56584331e-26, 2.20316665e-25, 5.61301494e-25, ...,
        5.61301494e-25, 2.20316665e-25, 8.56584331e-26],
       ...,
       [8.56584331e-26, 2.20316665e-25, 5.61301494e-25, ...,
        5.61301494e-25, 2.20316665e-25, 8.56584331e-26],
       [3.34113863e-26, 8.62041635e-26, 2.20316665e-25, ...,
        2.20316665e-25, 8.62041635e-26, 3.34113863e-26],
       [1.29097435e-26, 3.34113863e-26, 8.56584331e-26, ...,
        8.56584331e-26, 3.34113863e-26, 1.29097435e-26]]), array([[7.32096050e-27, 1.89471960e-26, 4.85758689e-26, ...,
        4.85758689e-26, 1.89471960e-26, 7.32096050e-27],
       [1.89471960e-26, 4.88853460e-26, 1.24938935e-25, ...,
        1.24938935e-25, 4.88853460e-26, 1.89471960e-26],
       [4.85758689e-26, 1.24938935e-25, 3.18307337e-25, ...,
        3.18307337e-25, 1.24938935e-25, 4.85758689e-26],
       ...,
       [4.85758689e-26, 1.24938935e-25, 3.18307337e-25, ...,
        3.18307337e-25, 1.24938935e-25, 4.85758689e-26],
       [1.89471960e-26, 4.88853460e-26, 1.24938935e-25, ...,
        1.24938935e-25, 4.88853460e-26, 1.89471960e-26],
       [7.32096050e-27, 1.89471960e-26, 4.85758689e-26, ...,
        4.85758689e-26, 1.89471960e-26, 7.32096050e-27]]), array([[2.59757578e-27, 6.72272135e-27, 1.72353752e-26, ...,
        1.72353752e-26, 6.72272135e-27, 2.59757578e-27],
       [6.72272135e-27, 1.73451818e-26, 4.43300237e-26, ...,
        4.43300237e-26, 1.73451818e-26, 6.72272135e-27],
       [1.72353752e-26, 4.43300237e-26, 1.12939748e-25, ...,
        1.12939748e-25, 4.43300237e-26, 1.72353752e-26],
       ...,
       [1.72353752e-26, 4.43300237e-26, 1.12939748e-25, ...,
        1.12939748e-25, 4.43300237e-26, 1.72353752e-26],
       [6.72272135e-27, 1.73451818e-26, 4.43300237e-26, ...,
        4.43300237e-26, 1.73451818e-26, 6.72272135e-27],
       [2.59757578e-27, 6.72272135e-27, 1.72353752e-26, ...,
        1.72353752e-26, 6.72272135e-27, 2.59757578e-27]]), array([[1.55648997e-28, 4.02831302e-28, 1.03275865e-27, ...,
        1.03275865e-27, 4.02831302e-28, 1.55648997e-28],
       [4.02831302e-28, 1.03933836e-27, 2.65629352e-27, ...,
        2.65629352e-27, 1.03933836e-27, 4.02831302e-28],
       [1.03275865e-27, 2.65629352e-27, 6.76744777e-27, ...,
        6.76744777e-27, 2.65629352e-27, 1.03275865e-27],
       ...,
       [1.03275865e-27, 2.65629352e-27, 6.76744777e-27, ...,
        6.76744777e-27, 2.65629352e-27, 1.03275865e-27],
       [4.02831302e-28, 1.03933836e-27, 2.65629352e-27, ...,
        2.65629352e-27, 1.03933836e-27, 4.02831302e-28],
       [1.55648997e-28, 4.02831302e-28, 1.03275865e-27, ...,
        1.03275865e-27, 4.02831302e-28, 1.55648997e-28]]), array([[7.27263691e-28, 1.88221309e-27, 4.82552334e-27, ...,
        4.82552334e-27, 1.88221309e-27, 7.27263691e-28],
       [1.88221309e-27, 4.85626677e-27, 1.24114249e-26, ...,
        1.24114249e-26, 4.85626677e-27, 1.88221309e-27],
       [4.82552334e-27, 1.24114249e-26, 3.16206281e-26, ...,
        3.16206281e-26, 1.24114249e-26, 4.82552334e-27],
       ...,
       [4.82552334e-27, 1.24114249e-26, 3.16206281e-26, ...,
        3.16206281e-26, 1.24114249e-26, 4.82552334e-27],
       [1.88221309e-27, 4.85626677e-27, 1.24114249e-26, ...,
        1.24114249e-26, 4.85626677e-27, 1.88221309e-27],
       [7.27263691e-28, 1.88221309e-27, 4.82552334e-27, ...,
        4.82552334e-27, 1.88221309e-27, 7.27263691e-28]]), array([[4.14105565e-27, 1.07173633e-26, 2.74766373e-26, ...,
        2.74766373e-26, 1.07173633e-26, 4.14105565e-27],
       [1.07173633e-26, 2.76516912e-26, 7.06709296e-26, ...,
        7.06709296e-26, 2.76516912e-26, 1.07173633e-26],
       [2.74766373e-26, 7.06709296e-26, 1.80048561e-25, ...,
        1.80048561e-25, 7.06709296e-26, 2.74766373e-26],
       ...,
       [2.74766373e-26, 7.06709296e-26, 1.80048561e-25, ...,
        1.80048561e-25, 7.06709296e-26, 2.74766373e-26],
       [1.07173633e-26, 2.76516912e-26, 7.06709296e-26, ...,
        7.06709296e-26, 2.76516912e-26, 1.07173633e-26],
       [4.14105565e-27, 1.07173633e-26, 2.74766373e-26, ...,
        2.74766373e-26, 1.07173633e-26, 4.14105565e-27]]), array([[9.37357014e-27, 2.42595040e-26, 6.21952972e-26, ...,
        6.21952972e-26, 2.42595040e-26, 9.37357014e-27],
       [2.42595040e-26, 6.25915438e-26, 1.59968610e-25, ...,
        1.59968610e-25, 6.25915438e-26, 2.42595040e-26],
       [6.21952972e-26, 1.59968610e-25, 4.07552555e-25, ...,
        4.07552555e-25, 1.59968610e-25, 6.21952972e-26],
       ...,
       [6.21952972e-26, 1.59968610e-25, 4.07552555e-25, ...,
        4.07552555e-25, 1.59968610e-25, 6.21952972e-26],
       [2.42595040e-26, 6.25915438e-26, 1.59968610e-25, ...,
        1.59968610e-25, 6.25915438e-26, 2.42595040e-26],
       [9.37357014e-27, 2.42595040e-26, 6.21952972e-26, ...,
        6.21952972e-26, 2.42595040e-26, 9.37357014e-27]]), array([[1.48561059e-26, 3.84487185e-26, 9.85728924e-26, ...,
        9.85728924e-26, 3.84487185e-26, 1.48561059e-26],
       [3.84487185e-26, 9.92009009e-26, 2.53533133e-25, ...,
        2.53533133e-25, 9.92009009e-26, 3.84487185e-26],
       [9.85728924e-26, 2.53533133e-25, 6.45927199e-25, ...,
        6.45927199e-25, 2.53533133e-25, 9.85728924e-26],
       ...,
       [9.85728924e-26, 2.53533133e-25, 6.45927199e-25, ...,
        6.45927199e-25, 2.53533133e-25, 9.85728924e-26],
       [3.84487185e-26, 9.92009009e-26, 2.53533133e-25, ...,
        2.53533133e-25, 9.92009009e-26, 3.84487185e-26],
       [1.48561059e-26, 3.84487185e-26, 9.85728924e-26, ...,
        9.85728924e-26, 3.84487185e-26, 1.48561059e-26]]), array([[1.89450118e-26, 4.90311144e-26, 1.25703507e-25, ...,
        1.25703507e-25, 4.90311144e-26, 1.89450118e-26],
       [4.90311144e-26, 1.26504365e-25, 3.23314080e-25, ...,
        3.23314080e-25, 1.26504365e-25, 4.90311144e-26],
       [1.25703507e-25, 3.23314080e-25, 8.23708347e-25, ...,
        8.23708347e-25, 3.23314080e-25, 1.25703507e-25],
       ...,
       [1.25703507e-25, 3.23314080e-25, 8.23708347e-25, ...,
        8.23708347e-25, 3.23314080e-25, 1.25703507e-25],
       [4.90311144e-26, 1.26504365e-25, 3.23314080e-25, ...,
        3.23314080e-25, 1.26504365e-25, 4.90311144e-26],
       [1.89450118e-26, 4.90311144e-26, 1.25703507e-25, ...,
        1.25703507e-25, 4.90311144e-26, 1.89450118e-26]]), array([[2.04144422e-26, 5.28341107e-26, 1.35453438e-25, ...,
        1.35453438e-25, 5.28341107e-26, 2.04144422e-26],
       [5.28341107e-26, 1.36316412e-25, 3.48391263e-25, ...,
        3.48391263e-25, 1.36316412e-25, 5.28341107e-26],
       [1.35453438e-25, 3.48391263e-25, 8.87597569e-25, ...,
        8.87597569e-25, 3.48391263e-25, 1.35453438e-25],
       ...,
       [1.35453438e-25, 3.48391263e-25, 8.87597569e-25, ...,
        8.87597569e-25, 3.48391263e-25, 1.35453438e-25],
       [5.28341107e-26, 1.36316412e-25, 3.48391263e-25, ...,
        3.48391263e-25, 1.36316412e-25, 5.28341107e-26],
       [2.04144422e-26, 5.28341107e-26, 1.35453438e-25, ...,
        1.35453438e-25, 5.28341107e-26, 2.04144422e-26]]), array([[1.88238612e-26, 4.87175674e-26, 1.24899651e-25, ...,
        1.24899651e-25, 4.87175674e-26, 1.88238612e-26],
       [4.87175674e-26, 1.25695388e-25, 3.21246532e-25, ...,
        3.21246532e-25, 1.25695388e-25, 4.87175674e-26],
       [1.24899651e-25, 3.21246532e-25, 8.18440849e-25, ...,
        8.18440849e-25, 3.21246532e-25, 1.24899651e-25],
       ...,
       [1.24899651e-25, 3.21246532e-25, 8.18440849e-25, ...,
        8.18440849e-25, 3.21246532e-25, 1.24899651e-25],
       [4.87175674e-26, 1.25695388e-25, 3.21246532e-25, ...,
        3.21246532e-25, 1.25695388e-25, 4.87175674e-26],
       [1.88238612e-26, 4.87175674e-26, 1.24899651e-25, ...,
        1.24899651e-25, 4.87175674e-26, 1.88238612e-26]]), array([[1.46501201e-26, 3.79156118e-26, 9.72061401e-26, ...,
        9.72061401e-26, 3.79156118e-26, 1.46501201e-26],
       [3.79156118e-26, 9.78254410e-26, 2.50017795e-25, ...,
        2.50017795e-25, 9.78254410e-26, 3.79156118e-26],
       [9.72061401e-26, 2.50017795e-25, 6.36971162e-25, ...,
        6.36971162e-25, 2.50017795e-25, 9.72061401e-26],
       ...,
       [9.72061401e-26, 2.50017795e-25, 6.36971162e-25, ...,
        6.36971162e-25, 2.50017795e-25, 9.72061401e-26],
       [3.79156118e-26, 9.78254410e-26, 2.50017795e-25, ...,
        2.50017795e-25, 9.78254410e-26, 3.79156118e-26],
       [1.46501201e-26, 3.79156118e-26, 9.72061401e-26, ...,
        9.72061401e-26, 3.79156118e-26, 1.46501201e-26]]), array([[9.14450258e-27, 2.36666599e-26, 6.06753935e-26, ...,
        6.06753935e-26, 2.36666599e-26, 9.14450258e-27],
       [2.36666599e-26, 6.10619567e-26, 1.56059361e-25, ...,
        1.56059361e-25, 6.10619567e-26, 2.36666599e-26],
       [6.06753935e-26, 1.56059361e-25, 3.97592948e-25, ...,
        3.97592948e-25, 1.56059361e-25, 6.06753935e-26],
       ...,
       [6.06753935e-26, 1.56059361e-25, 3.97592948e-25, ...,
        3.97592948e-25, 1.56059361e-25, 6.06753935e-26],
       [2.36666599e-26, 6.10619567e-26, 1.56059361e-25, ...,
        1.56059361e-25, 6.10619567e-26, 2.36666599e-26],
       [9.14450258e-27, 2.36666599e-26, 6.06753935e-26, ...,
        6.06753935e-26, 2.36666599e-26, 9.14450258e-27]]), array([[3.95758577e-27, 1.02425294e-26, 2.62592821e-26, ...,
        2.62592821e-26, 1.02425294e-26, 3.95758577e-27],
       [1.02425294e-26, 2.64265802e-26, 6.75398469e-26, ...,
        6.75398469e-26, 2.64265802e-26, 1.02425294e-26],
